34388

25647

29075

29325

30673

34388

34648
36376
36795
37055
37744
37917
40414
41315
43626
44860
46510
46747
48353
48429
48441
48472
48556
48822
48862
48999
50389
52333
52339
52706
52809
52896
53236
53390
54175
54372
54374
54769
54855
54858
55121
54374
54769
54855
54858
55121
54374
54769
54855
54858
55121
55390
56018
56268
56426
56451
60342
60463
60342
60463
60342
60463
60342
60463
60342
60463
60342
60463
60342
60463
60342
60463
60342
60463
60342
60463
60342
60463
23507
28259
32167
32923
35914
36364
39990
40671
40852
41242
41991
43811
47158
48048
49475
41991
43811
47158
48048
49475
52192
52241
52270
53662
53847
52192
52241
52270
53662
53847
54116
54250
54947
54998
60352
22921
26507
30752
34478
46988
47066
48854
48868
49462
49708
50104
50592
50617
52407
52448
50104
50592
50617
52407
52448
50104
50592
50617
52407
52448
50104
50592
50617
52407
52448
50104
50592
50617
52407
52448
50104
50592
50617
52407
52448
50104
50592
50617
52407
52448
50104
50592
50617
52407
52448
50104
50592
50617
52407
52448
50104
50592
50617
52407
52448
50104
50592
50617
52407
52448
50104
50592
50617
52407
52448
52644
54173
54379
54735
54996
52644
54173
54379
54735
54996
52644
54173
54379
54735
54996
55151
55405
56199
60345
60365
55151
55405
56199
60345
60365
55151
55405
56199
60345
60365
55151
55405
56199
60345
60365
55151
55405
56199
60345
60365
55151
55405
56199
60345
60365
55151
55405
56199
60345
60365
55151
55405
56199
60345
60365
55151
55405
56199
60345
60365
55151
55405
56199
60345
60365
55151
55405
56199
60345
60365
55151
55405
56199
60345
60365
55151
55405
56199
60345
60365
55151
55405
56199
60345
60365
55151
55405
56199
60345
60365
55151
55405
56199
60345
60365
55151
55405
56199
60345
60365
55151
55405
56199
60345
60365
55151
55405
56199
60345
60365
55151
55405
56199
60345
60365
55151
55405
56199
60345
60365
55151
55405
56199
60345
60365
55151
55405
56199
60345
60365
55151
55405
56199
60345
60365
55151
55405
56199
60345
60365
55151
55405
56199
60345
60365
55151
55405
56199
60345
60365